1,000  1,000
1,300  1,690
1,600  2,560
1,900  3,610
2,200  4,840
2,500  6,250
2,800  7,840
3,100  9,610
3,400  11,560
3,700  13,690
4,000  16,000
4,300  18,490
4,600  21,160
4,900  24,010
6,000  36,000
6,010  36,120
6,020  36,240
6,030  36,361
6,040  36,482
6,050  36,603
6,060  36,724
6,070  36,845
6,080  36,966
6,090  37,088
6,100  37,210
6,110  37,332
6,120  37,454
6,130  37,577
6,140  37,700
6,150  37,823
6,160  37,946
6,170  38,069
6,180  38,192
6,190  38,316
6,200  38,440
6,210  38,564
6,220  38,688
6,230  38,813
6,240  38,938
6,250  39,063
6,260  39,188
6,270  39,313
6,280  39,438
6,290  39,564
6,300  39,690
6,310  39,816
6,320  39,942
6,330  40,069
6,340  40,196
6,350  40,323
6,360  40,450
6,370  40,577
6,380  40,705
6,390  40,832
6,400  40,960
6,410  41,088
6,420  41,217
6,430  41,345
6,440  41,474
6,450  41,603
6,460  41,732
6,470  41,861
6,480  41,991
6,490  42,120
6,500  42,250
6,510  42,380
6,520  42,511
6,530  42,641
6,540  42,772
6,550  42,903
6,560  43,034
6,570  43,165
6,580  43,297
6,590  43,428
6,600  43,560
6,610  43,692
6,620  43,825
6,630  43,957
6,640  44,090
6,650  44,223
6,660  44,356
6,670  44,489
6,680  44,623
6,690  44,756
6,700  44,890
6,710  45,024
6,720  45,159
6,730  45,293
6,740  45,428
6,750  45,563
6,760  45,698
6,770  45,833
6,780  45,969
6,790  46,104
6,800  46,240
6,810  46,376
6,820  46,513
6,830  46,649
6,840  46,786
6,850  46,923
6,860  47,060
6,870  47,197
6,880  47,335
6,890  47,472
6,900  47,610
6,910  47,748
6,920  47,887
6,930  48,025
6,940  48,164
6,950  48,303
6,960  48,442
6,970  48,581
6,980  48,721
6,990  48,860
7,000  49,000
